05450762062300260417, 044206630001 06340884073409120001 018309560353, 052400160001 05240552, 038504190897 0107010800160001 0823092907540037 05560524 007604630001 0865 082800230929. 0929052400240801 039101780014 0820 095106110357, 0611072501080481 07480225 0545 068402280359 0353 0614021609440001 00710929 075206360001, 0692094807620028035303860097 0391 0634086507300193.

00760463 088809350176 0180 079106140417.

– 012602170129, 002207160449 – 06920876019809400016 06140731010706360609.

011707180001 071604550897, 0545016207370545 08290126043608650801 01260807072200240820044908140001 0609 0108020905730107 0880063200040321 0353 0684088209000321 061209290107 0692 051308040193, 05560193 0614069208760198094000160001. 072409320948010707050545, 083507050545 08930482012605560193 0865 09310922 01871021 0801-074703750801 094603660481 0929 0929050005190513 04360733080107340001 0353 063000060481 0545 041705450680, 03620564073103860097 0888095707620436 063007250126 076406200107 07520836032108710417 0353 0807045502760571.

00760463 07620016 092904320630063400180897, 0556021402200573, 0116 0692087605560210 095106110357. 042801980897 09290190088405560481 0180 071604550897, 0801 0938061409400481 07480225 05560196032808180359, 09990093 06950957076601980481. 012609280093 0945035905560481 093400180359?

07240935040709290481 07480225 088404370481 0353 088809350176 0865 03040035 07580636037802020609 06930497072404280209 01800539. 0695093505130766021506360016 069509350929 073704680545, 076208760215019000130036, 0999 0888095707620436 03910762 0854063109300174063600180193 0353 0545 076406200513 0524020507400833. 082906920871 01750001 071604550897. 0929086000320912 08070993 039101780014 09290763055602500193 0993047509410193 0353 0692088006220225 044307340833 0545 0519007900040321, 0116 04110993 0180 05560205 0865 061806550193 05560193 0673075608650500. 0545 069304840193 01800762073402020481 07340038 05640876085804280107 08110716046302150668 0865 0524023804280205 0630070508760193, 044206630193 044306840481 03910385, 042801980897 00930481 04110993 0545 09560623055602100379, 0929 0545019003590386, 0999 061402150866 03910385 054107830353 0614 06950611045505330865. 00180353 039101670545 0311093103590801 05560193 0893030300380016 0545 05450731076606260897.

069201260848 0724075400360033 061100280225. 0820 05560193 00930481 0801 071604550897, 044206630033 09460016. 012609280093 0519071101720811 05240016 070501090225? 06920823093500910391 087602280205 012600240833, 00030897 0893069201260037? 01260897 0626 0692067904980353 00800038, 09560705009703860097 07480225 0180 05560205 0929 069506330066 0609 0888067307080359, 092905560513 0391076601260193 03910762 030808200865?

093500870016 07480225 0865 075600760193 0353 088809350176 016104550385. 0001 042801980897 0750071201080481 0929 07250289, 0948006501260912 071604550897 07370514 0865 044301070556, 0748019809300098 05450161 0443007803590513 04170893 06950957 044905240564086505730513 076206230193, 0865 07660449027906220833 0353 0417067603530107. 07580621073400160001 0545 055602020609, 0001 0626 0929086000320912 0545 03910385 082800230957 092908880829019002100359. 03850417 029408990897 09290692053003530481, 0999 0513 0695095704090129. 076608990436 039101780014 084607330481 0391 06920161 0481030801780913 08570524019603270513 0353 088808010481.

0692018409350176 0180 05560205 0353 06950957082704600481. 075200030609 061408940013020905560481 085701080750. 0865 0417067603530107 00930481 055601960609 055610160929 0614 055602020609. 006507100948 0893010708380481. 0929 006507100948.

061100280897 007604630001 07480225 06920304022703680897.

085603530176 054506950935010808780609 071604550897 06950957 076206230193 0353 06950957030300380016 07480225 03910385. 052400160001 012609200807, 00150193 055602190126021600180193 088006320897. 0001 0865 0417067603530107 0539074800160001 0107061409400129 04110993 0614 087602070833 01780353. 082800230929 00930481 089305240935072408650545, 09310922 007900060001 0353 01871012, 01871012 0762002307660001 05560993 0692016409290737 03560321 06320801081803590308 07580634041705560001 06840229 0829030801780353 08070539. 071604550897 08930303003800160001, 038504190897 0695093507660481 069509350929 068402060500. 0084 0695093507660481.

00760463 0695064306360016 05560193 054107830197, 0116 095106110368 03910385 0632080108180353 0532071002150097.

06140887064403680001 089407240417 0353 082308650460 08010417 070509350513, 0865 010807660897. 00760463 00930481 06950935043605450573, 0999 08760193, 0116 06920876019809400197, 09990093 06920108021609570129 071604550897. 09990093 0692017803590773 0386 0545 018701070833. 042801980897 039101780014 085603530176, 069201260848 07480225 069509570816061209480573 03910385 0753085804280209 0353 0929008700140500 0539 07520668. 06950010054604830897 0876019003590129 0386 07480466035904080930. 08010418 03850417 0161088203590385.

01260913 0695023009350385 0692050010210481 080701260424 0929 001408010524 056408710385 075807050893 0545 0692017606140935, 06110622 0764062102020609 0439093507520001. 04110993 05560193 00930481 086800150193 067908760210, 01260897 0692087605560210 0391 06920417095708650129. 0618002305520500 0308 0836095501080193, 0999 06950957040901080193 082708010385 00930500 008002300209. 0820 038507540193, 0999 071604550897 069208230935008408650481 087602280205 012600240833. 0116 087602280205, 087601900036 0386 0865 080104280513 076200180359, 00760463 0692 07050929 0684021508880957 05560193 05240016 0679088206330108, 01260897 069208870666 03910308 087602070623021805560205 06730730055107180353 042801980910062308760206 0545076200540353.

– 04170893? – 0929070108010481.

089301260848 03910385 0556021406220653. 06920823093007540048 06950935012600360609 030406360033.

00930481 0893070509780359 06320481007606260001. 06140876019809400573 0833 071604550897 0865 0766068408010475, 0001 054508710801 0693097803590385 0865 01800539, 07580705087600160897, 0999 018309930481 0609 05560033. 092907620018002803530481 07480225, 01260897 042801980910062308760206 08930417070507500001 07480225 0929 00850475 0353 031106380897, 038504280205 018007960353016409570481, 01260897 0893039009400193 0929 030402270370 08230865038601030385 0556021604360580093505560193 017608420609 01080209056407720353. 08010417 006507100948 0820 0180 05560205 05560193 0673075608650500. 0934002800160001 07480225 00930129 05560193 0180 0944001700180353. 039101780014 0865 08070385 06320801081803590385 0758070508760193, 0865 08290513 0632080108180369 0929008503880897, 00930500 01160769 037005510308. 00760463 0820 0724095505240016: 025701030801 00930481 054503870023019003590385 075007340924037205730513 06960900034006730802, 0385042802020609 0876019003530481 0865 102101080833. 0001 0876019003530481 03560321 087602070833.

069509570303003800130036 07480225 071604550897, 0929086000320912 01160769 0391076601260193. 08930303003800160001 0545 07640653 08760206. 052400160001 0126080707100940021608140225, 00150193 042801980897 06950004063600160001, 067904980001 102101080001 0353 092900180289101208650545, 0893016108650481 07480225 042804620001 04490801 0528061407660001. 0545 03910385 0108020905730107 0880063200040321 0692038508760481 07480225 0684021508880929 0748087609460001.

01170993, 088006320897 007604630001 08070993 0748087600160897.

– 002207160449! – 0929088404810481 071604550897 0180 011707180353.

00710929 061409350891. 0539074800160001 06920890066309570129 0871095600180359 042804620846072408180359, 0929 041709980913 070509350513 0304063305560205, 0032 0865 043605800833 01800126020600160001 07480225 06140692087601980940.

– 0116? – 0614067307200001 002207160449 0929 073704680571, 06920734003805560193 08780855094805730513 030406320209.

– 0609 044206630205 05130766 0190037603530385 045504200391?

– 0695093501080224 087602160929.

– 0692 069506320827 0524 0692087601980929.

– 06640513 082309570190035907720353.

071604550897 094500230766012609120001 00870876. 07370513 08930303003800160001 0545 0878085509480546. 07580621073400160001 0545 007604630001.

– 0929086504600481 00180300020707500353. 0630085701080481 09310922 01871012 092903920129. 0695064308450225 0386 0929 08070308 08930311093500650129.

00760463 06920823093007540048 030406360033. 0724095505240016 0820 0032 0929 018000870935. 001002100108 0688000403670353 0929 076406210033 069500040225 089307560418 01030552. 0001 05450412092807660033 0688000403680897 03560321 0724019003700897.

– 0695095704390609 0524 – 06920876019809400016.

071604550897 08940731076609120001 07050524062600170353.

– 0513 012608070722002501080193 04490801. 05560210002803580940 05300359.

– 0820 05560198061107340193.

– 042801980897 0385 052400160017 012608070722002501080193 04490801, 0556021000280358094004810513 08880957076204280107 – 0614067307200001. – 0001 0829 05560193?

00760463 05560193 061406920876019809400016. 082308380564 00930500 08930611070509400129 075600760193 071604550897 055602100028035809300098 08880957076204280107.

– 0692012602060013, 0032 08280620 0107050006760897 0632035403060033 08070545 08760206 – 069208760198094000160001. – 03670193 05130386 080707050929 04490801? 09290692052405450513.

– 063203590513 0353 0190035907480229 – 061406730720 00760463 0929 08570524019603270513. – 0673082309300097 0545 0820, 03850417 0524 07480225 084604810161 0929 051302980359, 05560193 08760209, 01260897 00720168 061101960573 0865 03560321 102101080833, 042801980897 00720162 0865 087602060833 002207160449.

071604550897 069509350107091103680001 030406360225 0353 07580621073400160001 0929 082306320418. 0808075005560481 0929 08290513 0108021405090513 075806210734021003590513.

– 0032 08010417 09750193? – 0929070108010481.

0614088706440368 089407240417. 05560193 010701080016 0609 08290513 054107830197.

0611090208840391 0545 010708760456 0929052404620460.

– 0116 08010513 0107063600240929 0545 0692017606140935?

00760463 0758062107340016 0865 01810481, 069208070513 0865 03090712, 0353 07480225 08570524019603380048. 054508710801 0865 080104280513 076200180359 018007620734020200160001 041709980897 0766012602020656.

– 0556012602020609 05560193 010706360017 – 061406730720, 06920178063209300097 080701260424 0353 043200060036 0386 0545 076206230193. – 0820 082904620609 01160769, 0116 01070108001600930513 0929 08200066 0611028901610129.

071604550897 085705240196033802400001 07480225 0766021506220609. 00930500 038507540193, 0999 08760193 0032 0929 018000870935, 0692 0116 08010417 0545069500280168 0827 06950957076601980481.

– 069204170993 – 069208760198094000160001. 075806180450016103860097 0551073206360609 0545 002207160449, 018001610481: – 010706140961, 0893039009770897 0180 061807240187. 05560193 01070104, 09990093 0820 0876019003530481.

093403920481 041706760359 0353 089307660481 00840756 0180 0618072501740001, 00760463 0929 05560033. 0856035901750353 06950957 0692017803760932094805730513 01830220055600180913 076206230193 06840434036606360913, 044206630897 07620016 08010513 0391076601260193 017608420609 069509350161 08290513, 092905560513 07480225 088607240865019003680001. 00760463 07240938045001610481 07480225 0692 051305090513 0618072501740833 0929 039101780913, 0391018905730513 0183093508710513. 0935 08880957076204280107 076207240545 06340612094805730513 069509350929 044907430417, 069509350929 0116 09290692052405450500 07480225, 0999 03910762 07480225 007903760436 052400240801.

09310922 01870993 0382062300040385, 0692054107830016.

055602940897 05560193 01260848, 0999 0820 0524020507400193 061406920876019805560193 01750001 071604550897. 05560220035904620353 06730730021506360897 01800513, 06840250054507720359 04280468051908230668 0929 0524002408070513, 05560193 05450402063607660897 0353 006507100948 06920758062303780897. 09460013018008650481 07480225 06950957 0084012605510385 018306140935, 029409400193 0865 0929074802340833 089407240443 05560193 00930500 0556012602020609 063007250126 044907570865 0353 0673076208760750. 05560193 09990093 00760463 042801980910062308760206 073801900368, 0999 102101080193 0545 069509350177035907720379 03910762 01750001 05560205 061406920876019805560193. 082308380564 0539 00930500 08930611070509400129 075600760193 071604550897 0107061409300098 0545 06950957039201080001 04360442001304680871. 00150193 0692 0692088706120359 0180 069500040897 0532030400030897 069509570545040105560205 01800391099809930129 002708070513 0180 02790198021503560440009107140001, 0001 0762001708020161 06920108004203590513 0180 00-5001808120116. 0609 03670193 007201900359 0865 076200180359 0695000406360005.

– 069204170993, 0116 08010513 05130766 – 0929099401610481.

0724094406400912 0545 076206230193 0705069207300897 0353 0934039201080001.

– 06730524025000240929 075807050872 0929 0161029802180801? – 0929028901780048. – 052400160025 070501090225, 0929008503880001 0391076601260193 05560193 01800436058009570481 019003590481.

06110743073206360016, 03850417 06950957030300380001 07480225 0934039201080625, 0001 03910385 06120957 06340876021500130033 07480225 011607050929 0766021509350385. 0929067301760001 017608420634073200160001 010807660001, 0865 0823001401080193 044206630205 071604550897 037008070568092405560193 001800150382063600160001 00140801. 00760463 092907620018002803530481 07480225, 01260897 0820 069205320999 03910385 0692088706440357 0180 069500040897. 0001 05320999 088702280929 06950935010808820359?

– 0353 0116 0541078303760929? – 0929070108010481 0865 043605800833.

0436045504020001 010708760449 010807660897. 071604550897 086803540993 05560193 0614073308650481 089407240443 0614 00140801.

0887021609320359 07580621073400160001 0545 055602020609, 0001 042801980897 0820 0951061103680001, 052400160001 – 0443 03910308 06180724053002090833 09340940087602100379 – 0865 061209290107 05100897. 055602940897 0695093501860209 05560193 0876019003530481, 03850417 068800040935, 054508710801 06950957 054503940631076609000321 069509570673017400040321, 02940897 0673082309570481 0929 007903760417 0545 082308540001. 093401960902063600180359 05560193 00930481 0802 071604550897, 044206630033 09460016. 0532071002150097 095106110368 03910385 01160769, 0609 01260913 00760463 05560193 0876019809400016.

0934048108760481 076604680107.

– 00840392 07480225 – 069208760198094000160001. – 08010417 07620705076605560193 07480225 00840392. 00970509 01260024. 088809570762042802020609.

0076046306360353 0772037605520500 07480225 074307080193. 092907620018002803530481 07480225, 029409400193 0692019003530481 07480225 016108820001 071604550897, 039101890545 063206110001, 0609 044206630205 0876019809400016, 0999 03910762 0828002301840929 0614 055602020609. 063006220001, 0545 044206630205 0888067307080359 05330304 046001260901 092908880935 0865 0823083805730107 05320519057000040321. 0808075005560481 0929 05560033 0071093807050556012605560193.

– 0626 05560193 10210391, 071604550897 – 06920876019809400016 0929 05450412036004400930 0679088407720354 0865 030406320359, 0545 03850418 00930481 0865 076200180359 07480225 093406110901. – 04110993 055604360308 05560193 05320999 07500734092401900357.

069208230930075402400001 030406360033.

– 08070308 05560193 087602160929.

– 038507540193, 0999 08760209 – 061406730720. – 09460015022203720564 03910308 010800160609 0692 0893009101070833.

– 05560193 083800160609 07480225 0308 0940016705700905036606360005.

– 087602160929, 0999 0820 00930481 0626.

0630085701080481 030406360225 0353 09290752062603680001 082800230929 017606260354. 0929055606320481 07480225 0766046801070209.

0823095705130481 0386 0929 018308420033 07120424, 0888067307300033 0609 07620656.

– 0820 05640865 075807050865 – 06920876019809400016. – 05560193 0513 05560097 08880693046602020609 0929 08290513, 0116 0108 07480225 069509570823000903680609.

069208230930075402400001 030406360033.

– 0556022000320551.

069208840460, 086803540993 049400130036, 08930108004205520481 07120424 0353 069201610481 0539 00140801.

– 0695095704390609 0524 – 06380545040103680001, 075808560932092903860097 089407240417. 0823095705130481 080701260424 0865 0183099401030385 017606260353. – 054107830225, 0999 06920876055602100217 04110993 069304090129 – 018001610481.

00760463, 09290750061209480573 0353 09290753083606260897, 0748023405460481 0692 0673068402150897. 055602940897 0865 102101080833 05560193 075806140940022000160093 07480225, 0999 08010417 07480225 0820 0750062701260897.

0748019809400016 0391076601260193 069509350929 010708760456, 0692088808230957053903860097 088000240551 05100897. 0887021609320359 01670460041708180359 0692043102140016 071604550897 0692 017606260353, 088808010481 0614 076206240833 0353 06950935076601980481 069509350929 01800513, 0180 0893040901080001. 002207160449 054501610449 07480198094000160001 0865 0737046805560193, 0929 092905260556025009130353 061209290524, 0428086503860097 030406360033 0865 07330817 053909570428.

*
